x curstate[2..0] | z nxtstate[2..0] T2 T1 T0
~~~~~~~~~~~~~~~~~~~~~~~~~~~~~~~~~~~~~~~~~~~~
0      000       | 0      001       0  0  1 
0      001       | 1      001       0  0  0 
0      010       | 0      111       1  0  1 
0      011       | 0      010       0  0  1 
0      100       | 0      101       0  0  1 
0      101       | 0      110       0  1  1 
0      110       | 0      100       0  1  0 
0      111       | 0      011       1  0  0 
1      000       | 0      011       0  1  1 
1      001       | 1      011       0  1  0 
1      010       | 0      101       1  1  1 
1      011       | 0      110       1  0  1 
1      100       | 0      100       0  0  0 
1      101       | 0      111       0  1  0 
1      110       | 0      001       1  1  1 
1      111       | 0      010       1  0  1 
