#Using given state assignment: {'s0': 0, 'rem_0': 1, 'rem_1': 4, 'rem_2': 5, 'rem_3': 2, 'rem_4': 3, 'rem_5': 6, 'rem_6': 7} using 3 bits
# State Assignment: {'s0': 0, 'rem_0': 1, 'rem_1': 4, 'rem_2': 5, 'rem_3': 2, 'rem_4': 3, 'rem_5': 6, 'rem_6': 7}
x rst curstate[2..0] | z nxtstate[2..0] T[2..0]
~~~~~~~~~~~~~~~~~~~~~~~~~~~~~~~~~~~~~~~~~~~~~~~~~~
-   1            000 | 0            000 000
0   0            000 | 0            111 111
1   0            000 | 0            001 001
-   1            111 | 1            000 111
0   0            111 | 1            111 000
1   0            111 | 1            001 110
-   1            001 | 0            000 001
0   0            001 | 0            010 011
1   0            001 | 0            011 010
-   1            010 | 0            000 010
0   0            010 | 0            100 110
1   0            010 | 0            101 111
-   1            011 | 0            000 011
1   0            011 | 0            111 100
0   0            011 | 0            110 101
-   1            100 | 0            000 100
0   0            100 | 0            001 101
1   0            100 | 0            010 110
-   1            101 | 0            000 101
0   0            101 | 0            011 110
1   0            101 | 0            100 001
-   1            110 | 0            000 110
0   0            110 | 0            101 011
1   0            110 | 0            110 000
