#Using given state assignment: {'s0': 0, 'rem_0': 1, 'rem_1': 4, 'rem_2': 5, 'rem_3': 6, 'rem_4': 7, 'rem_5': 2, 'rem_6': 3} using 3 bits
# State Assignment: {'s0': 0, 'rem_0': 1, 'rem_1': 4, 'rem_2': 5, 'rem_3': 6, 'rem_4': 7, 'rem_5': 2, 'rem_6': 3}
x rst curstate[2..0] | z nxtstate[2..0] T[2..0]
~~~~~~~~~~~~~~~~~~~~~~~~~~~~~~~~~~~~~~~~~~~~~~~~
-   1            000 | 0            000    000
0   0            000 | 0            001    001
1   0            000 | 0            100    100
-   1            001 | 1            000    001
0   0            001 | 1            001    000
1   0            001 | 1            100    101
-   1            100 | 0            000    100
0   0            100 | 0            101    001
1   0            100 | 0            110    010
-   1            101 | 0            000    101
0   0            101 | 0            111    010
1   0            101 | 0            010    111
-   1            110 | 0            000    110
1   0            110 | 0            001    111
0   0            110 | 0            011    101
-   1            111 | 0            000    111
0   0            111 | 0            100    011
1   0            111 | 0            101    010
-   1            010 | 0            000    010
0   0            010 | 0            110    100
1   0            010 | 0            111    101
-   1            011 | 0            000    011
0   0            011 | 0            010    001
1   0            011 | 0            011    000
